6 [1] [2] [3] [3] [5] [3] [1] [2] 6 [1] [3] [2] [1] 6 5 
6 [1] [2] [3] [5] [6] [5] [3] [1] [2] 6 [1] [3] [2] [1] 6

[3] [2] [3] [3] 6 [2] [1] 7 6 7 6 5 3
3 5 [1] 3 5 7 6 5 6 [3] [2]
[3] [2] [3] [3] 6 [2] [1] 7 6 7 6 5 3
3 5 [1] 3 5 [2] [3] [2] 5 6 7 5 3 6

6 [1] [2] [3] [3] [5] [3] [1] [2] 6 [1] [3] [2] [1] 6 5 
6 [1] [2] [3] [5] [6] [5] [3] [1] [2] 6 [1] [3] [2] [1] 6

[3] [2] [3] [3] 6 [2] [1] 7 6 7 6 5 3
3 5 [1] 3 5 7 6 5 6 [3] [2]
[3] [2] [3] [3] 6 [2] [1] 7 6 7 6 5 3
3 5 [1] 3 5 [2] [3] [2] 5 6 7 5 3 6
