1 1 1 1 (7) 1 1 (7) 1 2 3 2
1 1 1 1 (7) 1 1 (5) (5)
1 1 1 1 (7) 1 1 (7) 1 2 3 2
1 1 1 1 (7) 1 1 (5) (5)
1 2 (5) (5) 5 4 4 3 3 2 2 
3 4 3 2 1 (7) 1 1 1 (6) (6) (7) (6) (5)
1 2 (5) (5) 5 4 4 3 3 2 2 
3 4 3 2 1 (7) 1 (7) (7) 1 2 3 2 1

1 1 1 1 (7) 1 1 (7) 1 2 3 2
1 1 1 1 (7) 1 1 (5) (5)
1 1 1 1 (7) 1 1 (7) 1 2 3 2
1 1 1 1 (7) 1 1 (5) (5)
1 2 (5) (5) 5 4 4 3 3 2 2 
3 4 3 2 1 (7) 1 1 1 (6) (6) (7) (6) (5)
1 2 (5) (5) 5 4 4 3 3 2 2 
3 4 3 2 1 (7) 1 (7) (7) 1 2 3 2 1

1 2 (5) (5) 5 4 4 3 3 2 2 
3 4 3 2 1 (7) 1 1 1 (6) (6) (7) (6) (5)
1 2 (5) (5) 5 4 4 3 3 2 2 
3 4 3 2 1 (7) 1 (7) (7) 1 2 3 2 1